2021/10/13-23:10:53.481622 7fc622e93400 RocksDB version: 6.17.3
2021/10/13-23:10:53.481639 7fc622e93400 Git sha rocksdb_build_git_sha:@09c7e96eac1ab983f97ce9e0406730b8014b3398@
2021/10/13-23:10:53.481641 7fc622e93400 Compile date Oct  8 2021
2021/10/13-23:10:53.481683 7fc622e93400 DB SUMMARY
2021/10/13-23:10:53.481684 7fc622e93400 DB Session ID:  9UV20NI2R9R0V7TAP56Y
2021/10/13-23:10:53.481702 7fc622e93400 CURRENT file:  CURRENT
2021/10/13-23:10:53.481703 7fc622e93400 IDENTITY file:  IDENTITY
2021/10/13-23:10:53.481706 7fc622e93400 MANIFEST file:  MANIFEST-000001 size: 13 Bytes
2021/10/13-23:10:53.481709 7fc622e93400 MANIFEST file:  MANIFEST-000003 size: 57 Bytes
2021/10/13-23:10:53.481710 7fc622e93400 SST files in cumulus_relay/kylin-collator/chains/kylin-rococo-local-testnet/db dir, Total Num: 0, files: 
2021/10/13-23:10:53.481712 7fc622e93400 Write Ahead Log file in cumulus_relay/kylin-collator/chains/kylin-rococo-local-testnet/db: 000004.log size: 0 ; 
2021/10/13-23:10:53.481714 7fc622e93400                         Options.error_if_exists: 0
2021/10/13-23:10:53.481715 7fc622e93400                       Options.create_if_missing: 1
2021/10/13-23:10:53.481716 7fc622e93400                         Options.paranoid_checks: 1
2021/10/13-23:10:53.481717 7fc622e93400                               Options.track_and_verify_wals_in_manifest: 0
2021/10/13-23:10:53.481718 7fc622e93400                                     Options.env: 0x5573dbbe4a00
2021/10/13-23:10:53.481720 7fc622e93400                                      Options.fs: Posix File System
2021/10/13-23:10:53.481721 7fc622e93400                                Options.info_log: 0x5573dd762d50
2021/10/13-23:10:53.481722 7fc622e93400                Options.max_file_opening_threads: 16
2021/10/13-23:10:53.481723 7fc622e93400                              Options.statistics: (nil)
2021/10/13-23:10:53.481724 7fc622e93400                               Options.use_fsync: 0
2021/10/13-23:10:53.481725 7fc622e93400                       Options.max_log_file_size: 0
2021/10/13-23:10:53.481726 7fc622e93400                  Options.max_manifest_file_size: 1073741824
2021/10/13-23:10:53.481727 7fc622e93400                   Options.log_file_time_to_roll: 0
2021/10/13-23:10:53.481728 7fc622e93400                       Options.keep_log_file_num: 1
2021/10/13-23:10:53.481729 7fc622e93400                    Options.recycle_log_file_num: 0
2021/10/13-23:10:53.481730 7fc622e93400                         Options.allow_fallocate: 1
2021/10/13-23:10:53.481731 7fc622e93400                        Options.allow_mmap_reads: 0
2021/10/13-23:10:53.481732 7fc622e93400                       Options.allow_mmap_writes: 0
2021/10/13-23:10:53.481733 7fc622e93400                        Options.use_direct_reads: 0
2021/10/13-23:10:53.481734 7fc622e93400                        Options.use_direct_io_for_flush_and_compaction: 0
2021/10/13-23:10:53.481735 7fc622e93400          Options.create_missing_column_families: 0
2021/10/13-23:10:53.481736 7fc622e93400                              Options.db_log_dir: 
2021/10/13-23:10:53.481737 7fc622e93400                                 Options.wal_dir: cumulus_relay/kylin-collator/chains/kylin-rococo-local-testnet/db
2021/10/13-23:10:53.481738 7fc622e93400                Options.table_cache_numshardbits: 6
2021/10/13-23:10:53.481739 7fc622e93400                         Options.WAL_ttl_seconds: 0
2021/10/13-23:10:53.481740 7fc622e93400                       Options.WAL_size_limit_MB: 0
2021/10/13-23:10:53.481741 7fc622e93400                        Options.max_write_batch_group_size_bytes: 1048576
2021/10/13-23:10:53.481742 7fc622e93400             Options.manifest_preallocation_size: 4194304
2021/10/13-23:10:53.481743 7fc622e93400                     Options.is_fd_close_on_exec: 1
2021/10/13-23:10:53.481744 7fc622e93400                   Options.advise_random_on_open: 1
2021/10/13-23:10:53.481745 7fc622e93400                    Options.db_write_buffer_size: 0
2021/10/13-23:10:53.481746 7fc622e93400                    Options.write_buffer_manager: 0x5573dd7c1720
2021/10/13-23:10:53.481747 7fc622e93400         Options.access_hint_on_compaction_start: 1
2021/10/13-23:10:53.481756 7fc622e93400  Options.new_table_reader_for_compaction_inputs: 0
2021/10/13-23:10:53.481757 7fc622e93400           Options.random_access_max_buffer_size: 1048576
2021/10/13-23:10:53.481758 7fc622e93400                      Options.use_adaptive_mutex: 0
2021/10/13-23:10:53.481759 7fc622e93400                            Options.rate_limiter: (nil)
2021/10/13-23:10:53.481760 7fc622e93400     Options.sst_file_manager.rate_bytes_per_sec: 0
2021/10/13-23:10:53.481762 7fc622e93400                       Options.wal_recovery_mode: 2
2021/10/13-23:10:53.481763 7fc622e93400                  Options.enable_thread_tracking: 0
2021/10/13-23:10:53.481764 7fc622e93400                  Options.enable_pipelined_write: 0
2021/10/13-23:10:53.481764 7fc622e93400                  Options.unordered_write: 0
2021/10/13-23:10:53.481765 7fc622e93400         Options.allow_concurrent_memtable_write: 1
2021/10/13-23:10:53.481766 7fc622e93400      Options.enable_write_thread_adaptive_yield: 1
2021/10/13-23:10:53.481767 7fc622e93400             Options.write_thread_max_yield_usec: 100
2021/10/13-23:10:53.481769 7fc622e93400            Options.write_thread_slow_yield_usec: 3
2021/10/13-23:10:53.481770 7fc622e93400                               Options.row_cache: None
2021/10/13-23:10:53.481771 7fc622e93400                              Options.wal_filter: None
2021/10/13-23:10:53.481772 7fc622e93400             Options.avoid_flush_during_recovery: 0
2021/10/13-23:10:53.481773 7fc622e93400             Options.allow_ingest_behind: 0
2021/10/13-23:10:53.481774 7fc622e93400             Options.preserve_deletes: 0
2021/10/13-23:10:53.481775 7fc622e93400             Options.two_write_queues: 0
2021/10/13-23:10:53.481776 7fc622e93400             Options.manual_wal_flush: 0
2021/10/13-23:10:53.481777 7fc622e93400             Options.atomic_flush: 0
2021/10/13-23:10:53.481778 7fc622e93400             Options.avoid_unnecessary_blocking_io: 0
2021/10/13-23:10:53.481779 7fc622e93400                 Options.persist_stats_to_disk: 0
2021/10/13-23:10:53.481780 7fc622e93400                 Options.write_dbid_to_manifest: 0
2021/10/13-23:10:53.481781 7fc622e93400                 Options.log_readahead_size: 0
2021/10/13-23:10:53.481782 7fc622e93400                 Options.file_checksum_gen_factory: Unknown
2021/10/13-23:10:53.481783 7fc622e93400                 Options.best_efforts_recovery: 0
2021/10/13-23:10:53.481784 7fc622e93400                Options.max_bgerror_resume_count: 2147483647
2021/10/13-23:10:53.481785 7fc622e93400            Options.bgerror_resume_retry_interval: 1000000
2021/10/13-23:10:53.481786 7fc622e93400             Options.allow_data_in_errors: 0
2021/10/13-23:10:53.481787 7fc622e93400             Options.db_host_id: __hostname__
2021/10/13-23:10:53.481788 7fc622e93400             Options.max_background_jobs: 4
2021/10/13-23:10:53.481789 7fc622e93400             Options.max_background_compactions: -1
2021/10/13-23:10:53.481790 7fc622e93400             Options.max_subcompactions: 1
2021/10/13-23:10:53.481791 7fc622e93400             Options.avoid_flush_during_shutdown: 0
2021/10/13-23:10:53.481791 7fc622e93400           Options.writable_file_max_buffer_size: 1048576
2021/10/13-23:10:53.481792 7fc622e93400             Options.delayed_write_rate : 16777216
2021/10/13-23:10:53.481793 7fc622e93400             Options.max_total_wal_size: 0
2021/10/13-23:10:53.481794 7fc622e93400             Options.delete_obsolete_files_period_micros: 21600000000
2021/10/13-23:10:53.481795 7fc622e93400                   Options.stats_dump_period_sec: 600
2021/10/13-23:10:53.481796 7fc622e93400                 Options.stats_persist_period_sec: 600
2021/10/13-23:10:53.481797 7fc622e93400                 Options.stats_history_buffer_size: 1048576
2021/10/13-23:10:53.481798 7fc622e93400                          Options.max_open_files: 512
2021/10/13-23:10:53.481799 7fc622e93400                          Options.bytes_per_sync: 1048576
2021/10/13-23:10:53.481800 7fc622e93400                      Options.wal_bytes_per_sync: 0
2021/10/13-23:10:53.481801 7fc622e93400                   Options.strict_bytes_per_sync: 0
2021/10/13-23:10:53.481807 7fc622e93400       Options.compaction_readahead_size: 0
2021/10/13-23:10:53.481808 7fc622e93400                  Options.max_background_flushes: -1
2021/10/13-23:10:53.481809 7fc622e93400 Compression algorithms supported:
2021/10/13-23:10:53.481810 7fc622e93400 	kZSTDNotFinalCompression supported: 0
2021/10/13-23:10:53.481811 7fc622e93400 	kZSTD supported: 0
2021/10/13-23:10:53.481812 7fc622e93400 	kXpressCompression supported: 0
2021/10/13-23:10:53.481813 7fc622e93400 	kLZ4HCCompression supported: 0
2021/10/13-23:10:53.481814 7fc622e93400 	kLZ4Compression supported: 0
2021/10/13-23:10:53.481815 7fc622e93400 	kBZip2Compression supported: 0
2021/10/13-23:10:53.481816 7fc622e93400 	kZlibCompression supported: 0
2021/10/13-23:10:53.481817 7fc622e93400 	kSnappyCompression supported: 1
2021/10/13-23:10:53.481819 7fc622e93400 Fast CRC32 supported: Supported on x86
2021/10/13-23:10:53.481862 7fc622e93400 [db/version_set.cc:4756] Recovering from manifest file: cumulus_relay/kylin-collator/chains/kylin-rococo-local-testnet/db/MANIFEST-000003
2021/10/13-23:10:53.481957 7fc622e93400 [db/column_family.cc:595] --------------- Options for column family [default]:
2021/10/13-23:10:53.481960 7fc622e93400               Options.comparator: leveldb.BytewiseComparator
2021/10/13-23:10:53.481962 7fc622e93400           Options.merge_operator: None
2021/10/13-23:10:53.481963 7fc622e93400        Options.compaction_filter: None
2021/10/13-23:10:53.481964 7fc622e93400        Options.compaction_filter_factory: None
2021/10/13-23:10:53.481965 7fc622e93400  Options.sst_partitioner_factory: None
2021/10/13-23:10:53.481966 7fc622e93400         Options.memtable_factory: SkipListFactory
2021/10/13-23:10:53.481967 7fc622e93400            Options.table_factory: BlockBasedTable
2021/10/13-23:10:53.481994 7fc622e93400            table_factory options:   flush_block_policy_factory: FlushBlockBySizePolicyFactory (0x5573dd7a0490)
  cache_index_and_filter_blocks: 0
  cache_index_and_filter_blocks_with_high_priority: 1
  pin_l0_filter_and_index_blocks_in_cache: 0
  pin_top_level_index_and_filter: 1
  index_type: 0
  data_block_index_type: 0
  index_shortening: 1
  data_block_hash_table_util_ratio: 0.750000
  hash_index_allow_collision: 1
  checksum: 1
  no_block_cache: 0
  block_cache: 0x5573dd79fb60
  block_cache_name: LRUCache
  block_cache_options:
    capacity : 8388608
    num_shard_bits : 4
    strict_capacity_limit : 0
    memory_allocator : None
    high_pri_pool_ratio: 0.000
  block_cache_compressed: (nil)
  persistent_cache: (nil)
  block_size: 4096
  block_size_deviation: 10
  block_restart_interval: 16
  index_block_restart_interval: 1
  metadata_block_size: 4096
  partition_filters: 0
  use_delta_encoding: 1
  filter_policy: nullptr
  whole_key_filtering: 1
  verify_compression: 0
  read_amp_bytes_per_bit: 0
  format_version: 4
  enable_index_compression: 1
  block_align: 0
2021/10/13-23:10:53.481996 7fc622e93400        Options.write_buffer_size: 67108864
2021/10/13-23:10:53.481997 7fc622e93400  Options.max_write_buffer_number: 2
2021/10/13-23:10:53.481998 7fc622e93400          Options.compression: Snappy
2021/10/13-23:10:53.482000 7fc622e93400                  Options.bottommost_compression: Disabled
2021/10/13-23:10:53.482001 7fc622e93400       Options.prefix_extractor: nullptr
2021/10/13-23:10:53.482001 7fc622e93400   Options.memtable_insert_with_hint_prefix_extractor: nullptr
2021/10/13-23:10:53.482002 7fc622e93400             Options.num_levels: 7
2021/10/13-23:10:53.482004 7fc622e93400        Options.min_write_buffer_number_to_merge: 1
2021/10/13-23:10:53.482005 7fc622e93400     Options.max_write_buffer_number_to_maintain: 0
2021/10/13-23:10:53.482006 7fc622e93400     Options.max_write_buffer_size_to_maintain: 0
2021/10/13-23:10:53.482007 7fc622e93400            Options.bottommost_compression_opts.window_bits: -14
2021/10/13-23:10:53.482008 7fc622e93400                  Options.bottommost_compression_opts.level: 32767
2021/10/13-23:10:53.482009 7fc622e93400               Options.bottommost_compression_opts.strategy: 0
2021/10/13-23:10:53.482018 7fc622e93400         Options.bottommost_compression_opts.max_dict_bytes: 0
2021/10/13-23:10:53.482019 7fc622e93400         Options.bottommost_compression_opts.zstd_max_train_bytes: 0
2021/10/13-23:10:53.482020 7fc622e93400         Options.bottommost_compression_opts.parallel_threads: 1
2021/10/13-23:10:53.482021 7fc622e93400                  Options.bottommost_compression_opts.enabled: false
2021/10/13-23:10:53.482022 7fc622e93400            Options.compression_opts.window_bits: -14
2021/10/13-23:10:53.482023 7fc622e93400                  Options.compression_opts.level: 32767
2021/10/13-23:10:53.482024 7fc622e93400               Options.compression_opts.strategy: 0
2021/10/13-23:10:53.482024 7fc622e93400         Options.compression_opts.max_dict_bytes: 0
2021/10/13-23:10:53.482025 7fc622e93400         Options.compression_opts.zstd_max_train_bytes: 0
2021/10/13-23:10:53.482026 7fc622e93400         Options.compression_opts.parallel_threads: 1
2021/10/13-23:10:53.482027 7fc622e93400                  Options.compression_opts.enabled: false
2021/10/13-23:10:53.482028 7fc622e93400      Options.level0_file_num_compaction_trigger: 4
2021/10/13-23:10:53.482029 7fc622e93400          Options.level0_slowdown_writes_trigger: 20
2021/10/13-23:10:53.482030 7fc622e93400              Options.level0_stop_writes_trigger: 36
2021/10/13-23:10:53.482031 7fc622e93400                   Options.target_file_size_base: 67108864
2021/10/13-23:10:53.482032 7fc622e93400             Options.target_file_size_multiplier: 1
2021/10/13-23:10:53.482033 7fc622e93400                Options.max_bytes_for_level_base: 268435456
2021/10/13-23:10:53.482034 7fc622e93400 Options.level_compaction_dynamic_level_bytes: 0
2021/10/13-23:10:53.482035 7fc622e93400          Options.max_bytes_for_level_multiplier: 10.000000
2021/10/13-23:10:53.482037 7fc622e93400 Options.max_bytes_for_level_multiplier_addtl[0]: 1
2021/10/13-23:10:53.482038 7fc622e93400 Options.max_bytes_for_level_multiplier_addtl[1]: 1
2021/10/13-23:10:53.482039 7fc622e93400 Options.max_bytes_for_level_multiplier_addtl[2]: 1
2021/10/13-23:10:53.482040 7fc622e93400 Options.max_bytes_for_level_multiplier_addtl[3]: 1
2021/10/13-23:10:53.482041 7fc622e93400 Options.max_bytes_for_level_multiplier_addtl[4]: 1
2021/10/13-23:10:53.482042 7fc622e93400 Options.max_bytes_for_level_multiplier_addtl[5]: 1
2021/10/13-23:10:53.482043 7fc622e93400 Options.max_bytes_for_level_multiplier_addtl[6]: 1
2021/10/13-23:10:53.482044 7fc622e93400       Options.max_sequential_skip_in_iterations: 8
2021/10/13-23:10:53.482045 7fc622e93400                    Options.max_compaction_bytes: 1677721600
2021/10/13-23:10:53.482046 7fc622e93400                        Options.arena_block_size: 8388608
2021/10/13-23:10:53.482047 7fc622e93400   Options.soft_pending_compaction_bytes_limit: 68719476736
2021/10/13-23:10:53.482048 7fc622e93400   Options.hard_pending_compaction_bytes_limit: 274877906944
2021/10/13-23:10:53.482049 7fc622e93400       Options.rate_limit_delay_max_milliseconds: 100
2021/10/13-23:10:53.482050 7fc622e93400                Options.disable_auto_compactions: 0
2021/10/13-23:10:53.482052 7fc622e93400                        Options.compaction_style: kCompactionStyleLevel
2021/10/13-23:10:53.482053 7fc622e93400                          Options.compaction_pri: kMinOverlappingRatio
2021/10/13-23:10:53.482054 7fc622e93400 Options.compaction_options_universal.size_ratio: 1
2021/10/13-23:10:53.482055 7fc622e93400 Options.compaction_options_universal.min_merge_width: 2
2021/10/13-23:10:53.482056 7fc622e93400 Options.compaction_options_universal.max_merge_width: 4294967295
2021/10/13-23:10:53.482057 7fc622e93400 Options.compaction_options_universal.max_size_amplification_percent: 200
2021/10/13-23:10:53.482058 7fc622e93400 Options.compaction_options_universal.compression_size_percent: -1
2021/10/13-23:10:53.482059 7fc622e93400 Options.compaction_options_universal.stop_style: kCompactionStopStyleTotalSize
2021/10/13-23:10:53.482060 7fc622e93400 Options.compaction_options_fifo.max_table_files_size: 1073741824
2021/10/13-23:10:53.482066 7fc622e93400 Options.compaction_options_fifo.allow_compaction: 0
2021/10/13-23:10:53.482074 7fc622e93400                   Options.table_properties_collectors: 
2021/10/13-23:10:53.482075 7fc622e93400                   Options.inplace_update_support: 0
2021/10/13-23:10:53.482076 7fc622e93400                 Options.inplace_update_num_locks: 10000
2021/10/13-23:10:53.482077 7fc622e93400               Options.memtable_prefix_bloom_size_ratio: 0.000000
2021/10/13-23:10:53.482078 7fc622e93400               Options.memtable_whole_key_filtering: 0
2021/10/13-23:10:53.482080 7fc622e93400   Options.memtable_huge_page_size: 0
2021/10/13-23:10:53.482081 7fc622e93400                           Options.bloom_locality: 0
2021/10/13-23:10:53.482082 7fc622e93400                    Options.max_successive_merges: 0
2021/10/13-23:10:53.482083 7fc622e93400                Options.optimize_filters_for_hits: 0
2021/10/13-23:10:53.482084 7fc622e93400                Options.paranoid_file_checks: 0
2021/10/13-23:10:53.482085 7fc622e93400                Options.force_consistency_checks: 1
2021/10/13-23:10:53.482086 7fc622e93400                Options.report_bg_io_stats: 1
2021/10/13-23:10:53.482087 7fc622e93400                               Options.ttl: 2592000
2021/10/13-23:10:53.482088 7fc622e93400          Options.periodic_compaction_seconds: 0
2021/10/13-23:10:53.482089 7fc622e93400                    Options.enable_blob_files: false
2021/10/13-23:10:53.482090 7fc622e93400                        Options.min_blob_size: 0
2021/10/13-23:10:53.482091 7fc622e93400                       Options.blob_file_size: 268435456
2021/10/13-23:10:53.482092 7fc622e93400                Options.blob_compression_type: NoCompression
2021/10/13-23:10:53.482093 7fc622e93400       Options.enable_blob_garbage_collection: false
2021/10/13-23:10:53.482094 7fc622e93400   Options.blob_garbage_collection_age_cutoff: 0.250000
2021/10/13-23:10:53.488258 7fc622e93400 [db/version_set.cc:4796] Recovered from manifest file:cumulus_relay/kylin-collator/chains/kylin-rococo-local-testnet/db/MANIFEST-000003 succeeded,manifest_file_number is 3, next_file_number is 5, last_sequence is 0, log_number is 0,prev_log_number is 0,max_column_family is 0,min_log_number_to_keep is 0
2021/10/13-23:10:53.488272 7fc622e93400 [db/version_set.cc:4811] Column family [default] (ID 0), log number is 0
2021/10/13-23:10:53.488358 7fc622e93400 [db/version_set.cc:4110] Creating manifest 5
2021/10/13-23:10:53.498825 7fc622e93400 EVENT_LOG_v1 {"time_micros": 1634127053498817, "job": 1, "event": "recovery_started", "wal_files": [4]}
2021/10/13-23:10:53.498834 7fc622e93400 [db/db_impl/db_impl_open.cc:847] Recovering log #4 mode 2
2021/10/13-23:10:53.498883 7fc622e93400 [db/version_set.cc:4110] Creating manifest 6
2021/10/13-23:10:53.504531 7fc622e93400 EVENT_LOG_v1 {"time_micros": 1634127053504526, "job": 1, "event": "recovery_finished"}
2021/10/13-23:10:53.504747 7fc622e93400 [file/delete_scheduler.cc:71] Deleted file cumulus_relay/kylin-collator/chains/kylin-rococo-local-testnet/db/000004.log immediately, rate_bytes_per_sec 0, total_trash_size 0 max_trash_db_ratio 0.250000
2021/10/13-23:10:53.504756 7fc622e93400 [db/db_impl/db_impl_files.cc:610] [JOB 2] Delete info log file cumulus_relay/kylin-collator/chains/kylin-rococo-local-testnet/db//LOG.old.1634127053481522
2021/10/13-23:10:53.510155 7fc622e93400 [db/db_impl/db_impl_open.cc:1706] SstFileManager instance 0x5573dd7a8d80
2021/10/13-23:10:53.510175 7fc622e93400 DB pointer 0x5573dd7af7b0
2021/10/13-23:10:53.510372 7fc5e97fa700 [db/db_impl/db_impl.cc:926] ------- DUMPING STATS -------
2021/10/13-23:10:53.510402 7fc5e97fa700 [db/db_impl/db_impl.cc:928] 
** DB Stats **
Uptime(secs): 0.0 total, 0.0 interval
Cumulative writes: 0 writes, 0 keys, 0 commit groups, 0.0 writes per commit group, ingest: 0.00 GB, 0.00 MB/s
Cumulative WAL: 0 writes, 0 syncs, 0.00 writes per sync, written: 0.00 GB, 0.00 MB/s
Cumulative stall: 00:00:0.000 H:M:S, 0.0 percent
Interval writes: 0 writes, 0 keys, 0 commit groups, 0.0 writes per commit group, ingest: 0.00 MB, 0.00 MB/s
Interval WAL: 0 writes, 0 syncs, 0.00 writes per sync, written: 0.00 MB, 0.00 MB/s
Interval stall: 00:00:0.000 H:M:S, 0.0 percent

** Compaction Stats [default] **
Level    Files   Size     Score Read(GB)  Rn(GB) Rnp1(GB) Write(GB) Wnew(GB) Moved(GB) W-Amp Rd(MB/s) Wr(MB/s) Comp(sec) CompMergeCPU(sec) Comp(cnt) Avg(sec) KeyIn KeyDrop
----------------------------------------------------------------------------------------------------------------------------------------------------------------------------
 Sum      0/0    0.00 KB   0.0      0.0     0.0      0.0       0.0      0.0       0.0   0.0      0.0      0.0      0.00              0.00         0    0.000       0      0
 Int      0/0    0.00 KB   0.0      0.0     0.0      0.0       0.0      0.0       0.0   0.0      0.0      0.0      0.00              0.00         0    0.000       0      0

** Compaction Stats [default] **
Priority    Files   Size     Score Read(GB)  Rn(GB) Rnp1(GB) Write(GB) Wnew(GB) Moved(GB) W-Amp Rd(MB/s) Wr(MB/s) Comp(sec) CompMergeCPU(sec) Comp(cnt) Avg(sec) KeyIn KeyDrop
-------------------------------------------------------------------------------------------------------------------------------------------------------------------------------
Uptime(secs): 0.0 total, 0.0 interval
Flush(GB): cumulative 0.000, interval 0.000
AddFile(GB): cumulative 0.000, interval 0.000
AddFile(Total Files): cumulative 0, interval 0
AddFile(L0 Files): cumulative 0, interval 0
AddFile(Keys): cumulative 0, interval 0
Cumulative compaction: 0.00 GB write, 0.00 MB/s write, 0.00 GB read, 0.00 MB/s read, 0.0 seconds
Interval compaction: 0.00 GB write, 0.00 MB/s write, 0.00 GB read, 0.00 MB/s read, 0.0 seconds
Stalls(count): 0 level0_slowdown, 0 level0_slowdown_with_compaction, 0 level0_numfiles, 0 level0_numfiles_with_compaction, 0 stop for pending_compaction_bytes, 0 slowdown for pending_compaction_bytes, 0 memtable_compaction, 0 memtable_slowdown, interval 0 total count

** File Read Latency Histogram By Level [default] **

** Compaction Stats [default] **
Level    Files   Size     Score Read(GB)  Rn(GB) Rnp1(GB) Write(GB) Wnew(GB) Moved(GB) W-Amp Rd(MB/s) Wr(MB/s) Comp(sec) CompMergeCPU(sec) Comp(cnt) Avg(sec) KeyIn KeyDrop
----------------------------------------------------------------------------------------------------------------------------------------------------------------------------
 Sum      0/0    0.00 KB   0.0      0.0     0.0      0.0       0.0      0.0       0.0   0.0      0.0      0.0      0.00              0.00         0    0.000       0      0
 Int      0/0    0.00 KB   0.0      0.0     0.0      0.0       0.0      0.0       0.0   0.0      0.0      0.0      0.00              0.00         0    0.000       0      0

** Compaction Stats [default] **
Priority    Files   Size     Score Read(GB)  Rn(GB) Rnp1(GB) Write(GB) Wnew(GB) Moved(GB) W-Amp Rd(MB/s) Wr(MB/s) Comp(sec) CompMergeCPU(sec) Comp(cnt) Avg(sec) KeyIn KeyDrop
-------------------------------------------------------------------------------------------------------------------------------------------------------------------------------
Uptime(secs): 0.0 total, 0.0 interval
Flush(GB): cumulative 0.000, interval 0.000
AddFile(GB): cumulative 0.000, interval 0.000
AddFile(Total Files): cumulative 0, interval 0
AddFile(L0 Files): cumulative 0, interval 0
AddFile(Keys): cumulative 0, interval 0
Cumulative compaction: 0.00 GB write, 0.00 MB/s write, 0.00 GB read, 0.00 MB/s read, 0.0 seconds
Interval compaction: 0.00 GB write, 0.00 MB/s write, 0.00 GB read, 0.00 MB/s read, 0.0 seconds
Stalls(count): 0 level0_slowdown, 0 level0_slowdown_with_compaction, 0 level0_numfiles, 0 level0_numfiles_with_compaction, 0 stop for pending_compaction_bytes, 0 slowdown for pending_compaction_bytes, 0 memtable_compaction, 0 memtable_slowdown, interval 0 total count

** File Read Latency Histogram By Level [default] **
2021/10/13-23:10:53.516419 7fc622e93400 [db/column_family.cc:595] --------------- Options for column family [col0]:
2021/10/13-23:10:53.516430 7fc622e93400               Options.comparator: leveldb.BytewiseComparator
2021/10/13-23:10:53.516432 7fc622e93400           Options.merge_operator: None
2021/10/13-23:10:53.516433 7fc622e93400        Options.compaction_filter: None
2021/10/13-23:10:53.516434 7fc622e93400        Options.compaction_filter_factory: None
2021/10/13-23:10:53.516436 7fc622e93400  Options.sst_partitioner_factory: None
2021/10/13-23:10:53.516437 7fc622e93400         Options.memtable_factory: SkipListFactory
2021/10/13-23:10:53.516438 7fc622e93400            Options.table_factory: BlockBasedTable
2021/10/13-23:10:53.516476 7fc622e93400            table_factory options:   flush_block_policy_factory: FlushBlockBySizePolicyFactory (0x5573dd7c4e90)
  cache_index_and_filter_blocks: 1
  cache_index_and_filter_blocks_with_high_priority: 1
  pin_l0_filter_and_index_blocks_in_cache: 1
  pin_top_level_index_and_filter: 1
  index_type: 0
  data_block_index_type: 0
  index_shortening: 1
  data_block_hash_table_util_ratio: 0.750000
  hash_index_allow_collision: 1
  checksum: 1
  no_block_cache: 0
  block_cache: 0x5573dd7a24b0
  block_cache_name: LRUCache
  block_cache_options:
    capacity : 44040192
    num_shard_bits : 6
    strict_capacity_limit : 0
    memory_allocator : None
    high_pri_pool_ratio: 0.500
  block_cache_compressed: (nil)
  persistent_cache: (nil)
  block_size: 16384
  block_size_deviation: 10
  block_restart_interval: 16
  index_block_restart_interval: 1
  metadata_block_size: 4096
  partition_filters: 0
  use_delta_encoding: 1
  filter_policy: rocksdb.BuiltinBloomFilter
  whole_key_filtering: 1
  verify_compression: 0
  read_amp_bytes_per_bit: 0
  format_version: 5
  enable_index_compression: 1
  block_align: 0
2021/10/13-23:10:53.516478 7fc622e93400        Options.write_buffer_size: 262144
2021/10/13-23:10:53.516479 7fc622e93400  Options.max_write_buffer_number: 6
2021/10/13-23:10:53.516480 7fc622e93400          Options.compression: Snappy
2021/10/13-23:10:53.516482 7fc622e93400                  Options.bottommost_compression: Disabled
2021/10/13-23:10:53.516483 7fc622e93400       Options.prefix_extractor: nullptr
2021/10/13-23:10:53.516484 7fc622e93400   Options.memtable_insert_with_hint_prefix_extractor: nullptr
2021/10/13-23:10:53.516485 7fc622e93400             Options.num_levels: 7
2021/10/13-23:10:53.516486 7fc622e93400        Options.min_write_buffer_number_to_merge: 2
2021/10/13-23:10:53.516488 7fc622e93400     Options.max_write_buffer_number_to_maintain: 0
2021/10/13-23:10:53.516489 7fc622e93400     Options.max_write_buffer_size_to_maintain: 0
2021/10/13-23:10:53.516490 7fc622e93400            Options.bottommost_compression_opts.window_bits: -14
2021/10/13-23:10:53.516491 7fc622e93400                  Options.bottommost_compression_opts.level: 32767
2021/10/13-23:10:53.516492 7fc622e93400               Options.bottommost_compression_opts.strategy: 0
2021/10/13-23:10:53.516494 7fc622e93400         Options.bottommost_compression_opts.max_dict_bytes: 0
2021/10/13-23:10:53.516495 7fc622e93400         Options.bottommost_compression_opts.zstd_max_train_bytes: 0
2021/10/13-23:10:53.516496 7fc622e93400         Options.bottommost_compression_opts.parallel_threads: 1
2021/10/13-23:10:53.516497 7fc622e93400                  Options.bottommost_compression_opts.enabled: false
2021/10/13-23:10:53.516498 7fc622e93400            Options.compression_opts.window_bits: -14
2021/10/13-23:10:53.516500 7fc622e93400                  Options.compression_opts.level: 32767
2021/10/13-23:10:53.516501 7fc622e93400               Options.compression_opts.strategy: 0
2021/10/13-23:10:53.516502 7fc622e93400         Options.compression_opts.max_dict_bytes: 0
2021/10/13-23:10:53.516503 7fc622e93400         Options.compression_opts.zstd_max_train_bytes: 0
2021/10/13-23:10:53.516504 7fc622e93400         Options.compression_opts.parallel_threads: 1
2021/10/13-23:10:53.516505 7fc622e93400                  Options.compression_opts.enabled: false
2021/10/13-23:10:53.516517 7fc622e93400      Options.level0_file_num_compaction_trigger: 2
2021/10/13-23:10:53.516519 7fc622e93400          Options.level0_slowdown_writes_trigger: 20
2021/10/13-23:10:53.516520 7fc622e93400              Options.level0_stop_writes_trigger: 36
2021/10/13-23:10:53.516521 7fc622e93400                   Options.target_file_size_base: 67108864
2021/10/13-23:10:53.516522 7fc622e93400             Options.target_file_size_multiplier: 1
2021/10/13-23:10:53.516523 7fc622e93400                Options.max_bytes_for_level_base: 1048576
2021/10/13-23:10:53.516524 7fc622e93400 Options.level_compaction_dynamic_level_bytes: 1
2021/10/13-23:10:53.516526 7fc622e93400          Options.max_bytes_for_level_multiplier: 10.000000
2021/10/13-23:10:53.516528 7fc622e93400 Options.max_bytes_for_level_multiplier_addtl[0]: 1
2021/10/13-23:10:53.516530 7fc622e93400 Options.max_bytes_for_level_multiplier_addtl[1]: 1
2021/10/13-23:10:53.516531 7fc622e93400 Options.max_bytes_for_level_multiplier_addtl[2]: 1
2021/10/13-23:10:53.516532 7fc622e93400 Options.max_bytes_for_level_multiplier_addtl[3]: 1
2021/10/13-23:10:53.516533 7fc622e93400 Options.max_bytes_for_level_multiplier_addtl[4]: 1
2021/10/13-23:10:53.516535 7fc622e93400 Options.max_bytes_for_level_multiplier_addtl[5]: 1
2021/10/13-23:10:53.516536 7fc622e93400 Options.max_bytes_for_level_multiplier_addtl[6]: 1
2021/10/13-23:10:53.516537 7fc622e93400       Options.max_sequential_skip_in_iterations: 8
2021/10/13-23:10:53.516538 7fc622e93400                    Options.max_compaction_bytes: 1677721600
2021/10/13-23:10:53.516539 7fc622e93400                        Options.arena_block_size: 32768
2021/10/13-23:10:53.516541 7fc622e93400   Options.soft_pending_compaction_bytes_limit: 68719476736
2021/10/13-23:10:53.516542 7fc622e93400   Options.hard_pending_compaction_bytes_limit: 274877906944
2021/10/13-23:10:53.516543 7fc622e93400       Options.rate_limit_delay_max_milliseconds: 100
2021/10/13-23:10:53.516544 7fc622e93400                Options.disable_auto_compactions: 0
2021/10/13-23:10:53.516547 7fc622e93400                        Options.compaction_style: kCompactionStyleLevel
2021/10/13-23:10:53.516548 7fc622e93400                          Options.compaction_pri: kMinOverlappingRatio
2021/10/13-23:10:53.516550 7fc622e93400 Options.compaction_options_universal.size_ratio: 1
2021/10/13-23:10:53.516551 7fc622e93400 Options.compaction_options_universal.min_merge_width: 2
2021/10/13-23:10:53.516552 7fc622e93400 Options.compaction_options_universal.max_merge_width: 4294967295
2021/10/13-23:10:53.516553 7fc622e93400 Options.compaction_options_universal.max_size_amplification_percent: 200
2021/10/13-23:10:53.516555 7fc622e93400 Options.compaction_options_universal.compression_size_percent: -1
2021/10/13-23:10:53.516556 7fc622e93400 Options.compaction_options_universal.stop_style: kCompactionStopStyleTotalSize
2021/10/13-23:10:53.516557 7fc622e93400 Options.compaction_options_fifo.max_table_files_size: 1073741824
2021/10/13-23:10:53.516559 7fc622e93400 Options.compaction_options_fifo.allow_compaction: 0
2021/10/13-23:10:53.516566 7fc622e93400                   Options.table_properties_collectors: 
2021/10/13-23:10:53.516568 7fc622e93400                   Options.inplace_update_support: 0
2021/10/13-23:10:53.516569 7fc622e93400                 Options.inplace_update_num_locks: 10000
2021/10/13-23:10:53.516570 7fc622e93400               Options.memtable_prefix_bloom_size_ratio: 0.000000
2021/10/13-23:10:53.516571 7fc622e93400               Options.memtable_whole_key_filtering: 0
2021/10/13-23:10:53.516573 7fc622e93400   Options.memtable_huge_page_size: 0
2021/10/13-23:10:53.516574 7fc622e93400                           Options.bloom_locality: 0
2021/10/13-23:10:53.516575 7fc622e93400                    Options.max_successive_merges: 0
2021/10/13-23:10:53.516576 7fc622e93400                Options.optimize_filters_for_hits: 0
2021/10/13-23:10:53.516577 7fc622e93400                Options.paranoid_file_checks: 0
2021/10/13-23:10:53.516578 7fc622e93400                Options.force_consistency_checks: 1
2021/10/13-23:10:53.516584 7fc622e93400                Options.report_bg_io_stats: 0
2021/10/13-23:10:53.516585 7fc622e93400                               Options.ttl: 2592000
2021/10/13-23:10:53.516586 7fc622e93400          Options.periodic_compaction_seconds: 0
2021/10/13-23:10:53.516587 7fc622e93400                    Options.enable_blob_files: false
2021/10/13-23:10:53.516588 7fc622e93400                        Options.min_blob_size: 0
2021/10/13-23:10:53.516589 7fc622e93400                       Options.blob_file_size: 268435456
2021/10/13-23:10:53.516591 7fc622e93400                Options.blob_compression_type: NoCompression
2021/10/13-23:10:53.516592 7fc622e93400       Options.enable_blob_garbage_collection: false
2021/10/13-23:10:53.516593 7fc622e93400   Options.blob_garbage_collection_age_cutoff: 0.250000
2021/10/13-23:10:53.516633 7fc622e93400 [db/db_impl/db_impl.cc:2656] Created column family [col0] (ID 1)
2021/10/13-23:10:53.528941 7fc622e93400 [db/column_family.cc:595] --------------- Options for column family [col1]:
2021/10/13-23:10:53.528950 7fc622e93400               Options.comparator: leveldb.BytewiseComparator
2021/10/13-23:10:53.528952 7fc622e93400           Options.merge_operator: None
2021/10/13-23:10:53.528953 7fc622e93400        Options.compaction_filter: None
2021/10/13-23:10:53.528954 7fc622e93400        Options.compaction_filter_factory: None
2021/10/13-23:10:53.528956 7fc622e93400  Options.sst_partitioner_factory: None
2021/10/13-23:10:53.528957 7fc622e93400         Options.memtable_factory: SkipListFactory
2021/10/13-23:10:53.528958 7fc622e93400            Options.table_factory: BlockBasedTable
2021/10/13-23:10:53.528990 7fc622e93400            table_factory options:   flush_block_policy_factory: FlushBlockBySizePolicyFactory (0x5573dd7b37d0)
  cache_index_and_filter_blocks: 1
  cache_index_and_filter_blocks_with_high_priority: 1
  pin_l0_filter_and_index_blocks_in_cache: 1
  pin_top_level_index_and_filter: 1
  index_type: 0
  data_block_index_type: 0
  index_shortening: 1
  data_block_hash_table_util_ratio: 0.750000
  hash_index_allow_collision: 1
  checksum: 1
  no_block_cache: 0
  block_cache: 0x5573dd7a24b0
  block_cache_name: LRUCache
  block_cache_options:
    capacity : 44040192
    num_shard_bits : 6
    strict_capacity_limit : 0
    memory_allocator : None
    high_pri_pool_ratio: 0.500
  block_cache_compressed: (nil)
  persistent_cache: (nil)
  block_size: 16384
  block_size_deviation: 10
  block_restart_interval: 16
  index_block_restart_interval: 1
  metadata_block_size: 4096
  partition_filters: 0
  use_delta_encoding: 1
  filter_policy: rocksdb.BuiltinBloomFilter
  whole_key_filtering: 1
  verify_compression: 0
  read_amp_bytes_per_bit: 0
  format_version: 5
  enable_index_compression: 1
  block_align: 0
2021/10/13-23:10:53.528992 7fc622e93400        Options.write_buffer_size: 30146560
2021/10/13-23:10:53.528994 7fc622e93400  Options.max_write_buffer_number: 6
2021/10/13-23:10:53.528999 7fc622e93400          Options.compression: Snappy
2021/10/13-23:10:53.529000 7fc622e93400                  Options.bottommost_compression: Disabled
2021/10/13-23:10:53.529001 7fc622e93400       Options.prefix_extractor: nullptr
2021/10/13-23:10:53.529002 7fc622e93400   Options.memtable_insert_with_hint_prefix_extractor: nullptr
2021/10/13-23:10:53.529003 7fc622e93400             Options.num_levels: 7
2021/10/13-23:10:53.529004 7fc622e93400        Options.min_write_buffer_number_to_merge: 2
2021/10/13-23:10:53.529005 7fc622e93400     Options.max_write_buffer_number_to_maintain: 0
2021/10/13-23:10:53.529006 7fc622e93400     Options.max_write_buffer_size_to_maintain: 0
2021/10/13-23:10:53.529007 7fc622e93400            Options.bottommost_compression_opts.window_bits: -14
2021/10/13-23:10:53.529008 7fc622e93400                  Options.bottommost_compression_opts.level: 32767
2021/10/13-23:10:53.529009 7fc622e93400               Options.bottommost_compression_opts.strategy: 0
2021/10/13-23:10:53.529011 7fc622e93400         Options.bottommost_compression_opts.max_dict_bytes: 0
2021/10/13-23:10:53.529012 7fc622e93400         Options.bottommost_compression_opts.zstd_max_train_bytes: 0
2021/10/13-23:10:53.529013 7fc622e93400         Options.bottommost_compression_opts.parallel_threads: 1
2021/10/13-23:10:53.529014 7fc622e93400                  Options.bottommost_compression_opts.enabled: false
2021/10/13-23:10:53.529015 7fc622e93400            Options.compression_opts.window_bits: -14
2021/10/13-23:10:53.529016 7fc622e93400                  Options.compression_opts.level: 32767
2021/10/13-23:10:53.529017 7fc622e93400               Options.compression_opts.strategy: 0
2021/10/13-23:10:53.529018 7fc622e93400         Options.compression_opts.max_dict_bytes: 0
2021/10/13-23:10:53.529019 7fc622e93400         Options.compression_opts.zstd_max_train_bytes: 0
2021/10/13-23:10:53.529020 7fc622e93400         Options.compression_opts.parallel_threads: 1
2021/10/13-23:10:53.529021 7fc622e93400                  Options.compression_opts.enabled: false
2021/10/13-23:10:53.529028 7fc622e93400      Options.level0_file_num_compaction_trigger: 2
2021/10/13-23:10:53.529029 7fc622e93400          Options.level0_slowdown_writes_trigger: 20
2021/10/13-23:10:53.529030 7fc622e93400              Options.level0_stop_writes_trigger: 36
2021/10/13-23:10:53.529031 7fc622e93400                   Options.target_file_size_base: 67108864
2021/10/13-23:10:53.529032 7fc622e93400             Options.target_file_size_multiplier: 1
2021/10/13-23:10:53.529033 7fc622e93400                Options.max_bytes_for_level_base: 120586240
2021/10/13-23:10:53.529034 7fc622e93400 Options.level_compaction_dynamic_level_bytes: 1
2021/10/13-23:10:53.529035 7fc622e93400          Options.max_bytes_for_level_multiplier: 10.000000
2021/10/13-23:10:53.529038 7fc622e93400 Options.max_bytes_for_level_multiplier_addtl[0]: 1
2021/10/13-23:10:53.529039 7fc622e93400 Options.max_bytes_for_level_multiplier_addtl[1]: 1
2021/10/13-23:10:53.529040 7fc622e93400 Options.max_bytes_for_level_multiplier_addtl[2]: 1
2021/10/13-23:10:53.529041 7fc622e93400 Options.max_bytes_for_level_multiplier_addtl[3]: 1
2021/10/13-23:10:53.529042 7fc622e93400 Options.max_bytes_for_level_multiplier_addtl[4]: 1
2021/10/13-23:10:53.529043 7fc622e93400 Options.max_bytes_for_level_multiplier_addtl[5]: 1
2021/10/13-23:10:53.529044 7fc622e93400 Options.max_bytes_for_level_multiplier_addtl[6]: 1
2021/10/13-23:10:53.529045 7fc622e93400       Options.max_sequential_skip_in_iterations: 8
2021/10/13-23:10:53.529047 7fc622e93400                    Options.max_compaction_bytes: 1677721600
2021/10/13-23:10:53.529048 7fc622e93400                        Options.arena_block_size: 3768320
2021/10/13-23:10:53.529049 7fc622e93400   Options.soft_pending_compaction_bytes_limit: 68719476736
2021/10/13-23:10:53.529050 7fc622e93400   Options.hard_pending_compaction_bytes_limit: 274877906944
2021/10/13-23:10:53.529051 7fc622e93400       Options.rate_limit_delay_max_milliseconds: 100
2021/10/13-23:10:53.529052 7fc622e93400                Options.disable_auto_compactions: 0
2021/10/13-23:10:53.529054 7fc622e93400                        Options.compaction_style: kCompactionStyleLevel
