2021/10/13-23:10:54.995588 7fc622e93400 RocksDB version: 6.17.3
2021/10/13-23:10:54.995602 7fc622e93400 Git sha rocksdb_build_git_sha:@09c7e96eac1ab983f97ce9e0406730b8014b3398@
2021/10/13-23:10:54.995603 7fc622e93400 Compile date Oct  8 2021
2021/10/13-23:10:54.995648 7fc622e93400 DB SUMMARY
2021/10/13-23:10:54.995649 7fc622e93400 DB Session ID:  22ZX5WCVH2ZFNKX95EUZ
2021/10/13-23:10:54.995669 7fc622e93400 CURRENT file:  CURRENT
2021/10/13-23:10:54.995670 7fc622e93400 IDENTITY file:  IDENTITY
2021/10/13-23:10:54.995674 7fc622e93400 MANIFEST file:  MANIFEST-000001 size: 13 Bytes
2021/10/13-23:10:54.995677 7fc622e93400 MANIFEST file:  MANIFEST-000003 size: 57 Bytes
2021/10/13-23:10:54.995679 7fc622e93400 SST files in cumulus_relay/kylin-collator/polkadot/chains/rococo_local_testnet/db dir, Total Num: 0, files: 
2021/10/13-23:10:54.995680 7fc622e93400 Write Ahead Log file in cumulus_relay/kylin-collator/polkadot/chains/rococo_local_testnet/db: 000004.log size: 0 ; 
2021/10/13-23:10:54.995682 7fc622e93400                         Options.error_if_exists: 0
2021/10/13-23:10:54.995684 7fc622e93400                       Options.create_if_missing: 1
2021/10/13-23:10:54.995685 7fc622e93400                         Options.paranoid_checks: 1
2021/10/13-23:10:54.995686 7fc622e93400                               Options.track_and_verify_wals_in_manifest: 0
2021/10/13-23:10:54.995688 7fc622e93400                                     Options.env: 0x5573dbbe4a00
2021/10/13-23:10:54.995689 7fc622e93400                                      Options.fs: Posix File System
2021/10/13-23:10:54.995690 7fc622e93400                                Options.info_log: 0x5573de3d6e10
2021/10/13-23:10:54.995692 7fc622e93400                Options.max_file_opening_threads: 16
2021/10/13-23:10:54.995693 7fc622e93400                              Options.statistics: (nil)
2021/10/13-23:10:54.995695 7fc622e93400                               Options.use_fsync: 0
2021/10/13-23:10:54.995696 7fc622e93400                       Options.max_log_file_size: 0
2021/10/13-23:10:54.995697 7fc622e93400                  Options.max_manifest_file_size: 1073741824
2021/10/13-23:10:54.995699 7fc622e93400                   Options.log_file_time_to_roll: 0
2021/10/13-23:10:54.995700 7fc622e93400                       Options.keep_log_file_num: 1
2021/10/13-23:10:54.995701 7fc622e93400                    Options.recycle_log_file_num: 0
2021/10/13-23:10:54.995702 7fc622e93400                         Options.allow_fallocate: 1
2021/10/13-23:10:54.995704 7fc622e93400                        Options.allow_mmap_reads: 0
2021/10/13-23:10:54.995705 7fc622e93400                       Options.allow_mmap_writes: 0
2021/10/13-23:10:54.995706 7fc622e93400                        Options.use_direct_reads: 0
2021/10/13-23:10:54.995707 7fc622e93400                        Options.use_direct_io_for_flush_and_compaction: 0
2021/10/13-23:10:54.995708 7fc622e93400          Options.create_missing_column_families: 0
2021/10/13-23:10:54.995710 7fc622e93400                              Options.db_log_dir: 
2021/10/13-23:10:54.995711 7fc622e93400                                 Options.wal_dir: cumulus_relay/kylin-collator/polkadot/chains/rococo_local_testnet/db
2021/10/13-23:10:54.995712 7fc622e93400                Options.table_cache_numshardbits: 6
2021/10/13-23:10:54.995713 7fc622e93400                         Options.WAL_ttl_seconds: 0
2021/10/13-23:10:54.995714 7fc622e93400                       Options.WAL_size_limit_MB: 0
2021/10/13-23:10:54.995716 7fc622e93400                        Options.max_write_batch_group_size_bytes: 1048576
2021/10/13-23:10:54.995717 7fc622e93400             Options.manifest_preallocation_size: 4194304
2021/10/13-23:10:54.995718 7fc622e93400                     Options.is_fd_close_on_exec: 1
2021/10/13-23:10:54.995719 7fc622e93400                   Options.advise_random_on_open: 1
2021/10/13-23:10:54.995721 7fc622e93400                    Options.db_write_buffer_size: 0
2021/10/13-23:10:54.995722 7fc622e93400                    Options.write_buffer_manager: 0x5573de3d7a80
2021/10/13-23:10:54.995723 7fc622e93400         Options.access_hint_on_compaction_start: 1
2021/10/13-23:10:54.995732 7fc622e93400  Options.new_table_reader_for_compaction_inputs: 0
2021/10/13-23:10:54.995733 7fc622e93400           Options.random_access_max_buffer_size: 1048576
2021/10/13-23:10:54.995735 7fc622e93400                      Options.use_adaptive_mutex: 0
2021/10/13-23:10:54.995736 7fc622e93400                            Options.rate_limiter: (nil)
2021/10/13-23:10:54.995737 7fc622e93400     Options.sst_file_manager.rate_bytes_per_sec: 0
2021/10/13-23:10:54.995739 7fc622e93400                       Options.wal_recovery_mode: 2
2021/10/13-23:10:54.995740 7fc622e93400                  Options.enable_thread_tracking: 0
2021/10/13-23:10:54.995741 7fc622e93400                  Options.enable_pipelined_write: 0
2021/10/13-23:10:54.995742 7fc622e93400                  Options.unordered_write: 0
2021/10/13-23:10:54.995744 7fc622e93400         Options.allow_concurrent_memtable_write: 1
2021/10/13-23:10:54.995745 7fc622e93400      Options.enable_write_thread_adaptive_yield: 1
2021/10/13-23:10:54.995746 7fc622e93400             Options.write_thread_max_yield_usec: 100
2021/10/13-23:10:54.995747 7fc622e93400            Options.write_thread_slow_yield_usec: 3
2021/10/13-23:10:54.995749 7fc622e93400                               Options.row_cache: None
2021/10/13-23:10:54.995750 7fc622e93400                              Options.wal_filter: None
2021/10/13-23:10:54.995751 7fc622e93400             Options.avoid_flush_during_recovery: 0
2021/10/13-23:10:54.995752 7fc622e93400             Options.allow_ingest_behind: 0
2021/10/13-23:10:54.995754 7fc622e93400             Options.preserve_deletes: 0
2021/10/13-23:10:54.995755 7fc622e93400             Options.two_write_queues: 0
2021/10/13-23:10:54.995756 7fc622e93400             Options.manual_wal_flush: 0
2021/10/13-23:10:54.995757 7fc622e93400             Options.atomic_flush: 0
2021/10/13-23:10:54.995758 7fc622e93400             Options.avoid_unnecessary_blocking_io: 0
2021/10/13-23:10:54.995759 7fc622e93400                 Options.persist_stats_to_disk: 0
2021/10/13-23:10:54.995761 7fc622e93400                 Options.write_dbid_to_manifest: 0
2021/10/13-23:10:54.995762 7fc622e93400                 Options.log_readahead_size: 0
2021/10/13-23:10:54.995763 7fc622e93400                 Options.file_checksum_gen_factory: Unknown
2021/10/13-23:10:54.995764 7fc622e93400                 Options.best_efforts_recovery: 0
2021/10/13-23:10:54.995765 7fc622e93400                Options.max_bgerror_resume_count: 2147483647
2021/10/13-23:10:54.995767 7fc622e93400            Options.bgerror_resume_retry_interval: 1000000
2021/10/13-23:10:54.995768 7fc622e93400             Options.allow_data_in_errors: 0
2021/10/13-23:10:54.995769 7fc622e93400             Options.db_host_id: __hostname__
2021/10/13-23:10:54.995771 7fc622e93400             Options.max_background_jobs: 4
2021/10/13-23:10:54.995772 7fc622e93400             Options.max_background_compactions: -1
2021/10/13-23:10:54.995773 7fc622e93400             Options.max_subcompactions: 1
2021/10/13-23:10:54.995774 7fc622e93400             Options.avoid_flush_during_shutdown: 0
2021/10/13-23:10:54.995775 7fc622e93400           Options.writable_file_max_buffer_size: 1048576
2021/10/13-23:10:54.995777 7fc622e93400             Options.delayed_write_rate : 16777216
2021/10/13-23:10:54.995778 7fc622e93400             Options.max_total_wal_size: 0
2021/10/13-23:10:54.995779 7fc622e93400             Options.delete_obsolete_files_period_micros: 21600000000
2021/10/13-23:10:54.995780 7fc622e93400                   Options.stats_dump_period_sec: 600
2021/10/13-23:10:54.995781 7fc622e93400                 Options.stats_persist_period_sec: 600
2021/10/13-23:10:54.995782 7fc622e93400                 Options.stats_history_buffer_size: 1048576
2021/10/13-23:10:54.995784 7fc622e93400                          Options.max_open_files: 512
2021/10/13-23:10:54.995785 7fc622e93400                          Options.bytes_per_sync: 1048576
2021/10/13-23:10:54.995786 7fc622e93400                      Options.wal_bytes_per_sync: 0
2021/10/13-23:10:54.995792 7fc622e93400                   Options.strict_bytes_per_sync: 0
2021/10/13-23:10:54.995793 7fc622e93400       Options.compaction_readahead_size: 0
2021/10/13-23:10:54.995794 7fc622e93400                  Options.max_background_flushes: -1
2021/10/13-23:10:54.995796 7fc622e93400 Compression algorithms supported:
2021/10/13-23:10:54.995797 7fc622e93400 	kZSTDNotFinalCompression supported: 0
2021/10/13-23:10:54.995799 7fc622e93400 	kZSTD supported: 0
2021/10/13-23:10:54.995800 7fc622e93400 	kXpressCompression supported: 0
2021/10/13-23:10:54.995801 7fc622e93400 	kLZ4HCCompression supported: 0
2021/10/13-23:10:54.995802 7fc622e93400 	kLZ4Compression supported: 0
2021/10/13-23:10:54.995804 7fc622e93400 	kBZip2Compression supported: 0
2021/10/13-23:10:54.995805 7fc622e93400 	kZlibCompression supported: 0
2021/10/13-23:10:54.995806 7fc622e93400 	kSnappyCompression supported: 1
2021/10/13-23:10:54.995808 7fc622e93400 Fast CRC32 supported: Supported on x86
2021/10/13-23:10:54.995850 7fc622e93400 [db/version_set.cc:4756] Recovering from manifest file: cumulus_relay/kylin-collator/polkadot/chains/rococo_local_testnet/db/MANIFEST-000003
2021/10/13-23:10:54.995941 7fc622e93400 [db/column_family.cc:595] --------------- Options for column family [default]:
2021/10/13-23:10:54.995943 7fc622e93400               Options.comparator: leveldb.BytewiseComparator
2021/10/13-23:10:54.995945 7fc622e93400           Options.merge_operator: None
2021/10/13-23:10:54.995946 7fc622e93400        Options.compaction_filter: None
2021/10/13-23:10:54.995947 7fc622e93400        Options.compaction_filter_factory: None
2021/10/13-23:10:54.995949 7fc622e93400  Options.sst_partitioner_factory: None
2021/10/13-23:10:54.995950 7fc622e93400         Options.memtable_factory: SkipListFactory
2021/10/13-23:10:54.995951 7fc622e93400            Options.table_factory: BlockBasedTable
2021/10/13-23:10:54.995977 7fc622e93400            table_factory options:   flush_block_policy_factory: FlushBlockBySizePolicyFactory (0x5573dda2e5c0)
  cache_index_and_filter_blocks: 0
  cache_index_and_filter_blocks_with_high_priority: 1
  pin_l0_filter_and_index_blocks_in_cache: 0
  pin_top_level_index_and_filter: 1
  index_type: 0
  data_block_index_type: 0
  index_shortening: 1
  data_block_hash_table_util_ratio: 0.750000
  hash_index_allow_collision: 1
  checksum: 1
  no_block_cache: 0
  block_cache: 0x5573dda2e4c0
  block_cache_name: LRUCache
  block_cache_options:
    capacity : 8388608
    num_shard_bits : 4
    strict_capacity_limit : 0
    memory_allocator : None
    high_pri_pool_ratio: 0.000
  block_cache_compressed: (nil)
  persistent_cache: (nil)
  block_size: 4096
  block_size_deviation: 10
  block_restart_interval: 16
  index_block_restart_interval: 1
  metadata_block_size: 4096
  partition_filters: 0
  use_delta_encoding: 1
  filter_policy: nullptr
  whole_key_filtering: 1
  verify_compression: 0
  read_amp_bytes_per_bit: 0
  format_version: 4
  enable_index_compression: 1
  block_align: 0
2021/10/13-23:10:54.995979 7fc622e93400        Options.write_buffer_size: 67108864
2021/10/13-23:10:54.995980 7fc622e93400  Options.max_write_buffer_number: 2
2021/10/13-23:10:54.995981 7fc622e93400          Options.compression: Snappy
2021/10/13-23:10:54.995983 7fc622e93400                  Options.bottommost_compression: Disabled
2021/10/13-23:10:54.995984 7fc622e93400       Options.prefix_extractor: nullptr
2021/10/13-23:10:54.995985 7fc622e93400   Options.memtable_insert_with_hint_prefix_extractor: nullptr
2021/10/13-23:10:54.995986 7fc622e93400             Options.num_levels: 7
2021/10/13-23:10:54.995988 7fc622e93400        Options.min_write_buffer_number_to_merge: 1
2021/10/13-23:10:54.995989 7fc622e93400     Options.max_write_buffer_number_to_maintain: 0
2021/10/13-23:10:54.995990 7fc622e93400     Options.max_write_buffer_size_to_maintain: 0
2021/10/13-23:10:54.995991 7fc622e93400            Options.bottommost_compression_opts.window_bits: -14
2021/10/13-23:10:54.995992 7fc622e93400                  Options.bottommost_compression_opts.level: 32767
2021/10/13-23:10:54.995994 7fc622e93400               Options.bottommost_compression_opts.strategy: 0
2021/10/13-23:10:54.996001 7fc622e93400         Options.bottommost_compression_opts.max_dict_bytes: 0
2021/10/13-23:10:54.996003 7fc622e93400         Options.bottommost_compression_opts.zstd_max_train_bytes: 0
2021/10/13-23:10:54.996004 7fc622e93400         Options.bottommost_compression_opts.parallel_threads: 1
2021/10/13-23:10:54.996005 7fc622e93400                  Options.bottommost_compression_opts.enabled: false
2021/10/13-23:10:54.996006 7fc622e93400            Options.compression_opts.window_bits: -14
2021/10/13-23:10:54.996008 7fc622e93400                  Options.compression_opts.level: 32767
2021/10/13-23:10:54.996009 7fc622e93400               Options.compression_opts.strategy: 0
2021/10/13-23:10:54.996010 7fc622e93400         Options.compression_opts.max_dict_bytes: 0
2021/10/13-23:10:54.996011 7fc622e93400         Options.compression_opts.zstd_max_train_bytes: 0
2021/10/13-23:10:54.996012 7fc622e93400         Options.compression_opts.parallel_threads: 1
2021/10/13-23:10:54.996014 7fc622e93400                  Options.compression_opts.enabled: false
2021/10/13-23:10:54.996015 7fc622e93400      Options.level0_file_num_compaction_trigger: 4
2021/10/13-23:10:54.996016 7fc622e93400          Options.level0_slowdown_writes_trigger: 20
2021/10/13-23:10:54.996017 7fc622e93400              Options.level0_stop_writes_trigger: 36
2021/10/13-23:10:54.996019 7fc622e93400                   Options.target_file_size_base: 67108864
2021/10/13-23:10:54.996020 7fc622e93400             Options.target_file_size_multiplier: 1
2021/10/13-23:10:54.996021 7fc622e93400                Options.max_bytes_for_level_base: 268435456
2021/10/13-23:10:54.996023 7fc622e93400 Options.level_compaction_dynamic_level_bytes: 0
2021/10/13-23:10:54.996024 7fc622e93400          Options.max_bytes_for_level_multiplier: 10.000000
2021/10/13-23:10:54.996026 7fc622e93400 Options.max_bytes_for_level_multiplier_addtl[0]: 1
2021/10/13-23:10:54.996028 7fc622e93400 Options.max_bytes_for_level_multiplier_addtl[1]: 1
2021/10/13-23:10:54.996029 7fc622e93400 Options.max_bytes_for_level_multiplier_addtl[2]: 1
2021/10/13-23:10:54.996030 7fc622e93400 Options.max_bytes_for_level_multiplier_addtl[3]: 1
2021/10/13-23:10:54.996032 7fc622e93400 Options.max_bytes_for_level_multiplier_addtl[4]: 1
2021/10/13-23:10:54.996033 7fc622e93400 Options.max_bytes_for_level_multiplier_addtl[5]: 1
2021/10/13-23:10:54.996034 7fc622e93400 Options.max_bytes_for_level_multiplier_addtl[6]: 1
2021/10/13-23:10:54.996035 7fc622e93400       Options.max_sequential_skip_in_iterations: 8
2021/10/13-23:10:54.996036 7fc622e93400                    Options.max_compaction_bytes: 1677721600
2021/10/13-23:10:54.996038 7fc622e93400                        Options.arena_block_size: 8388608
2021/10/13-23:10:54.996039 7fc622e93400   Options.soft_pending_compaction_bytes_limit: 68719476736
2021/10/13-23:10:54.996040 7fc622e93400   Options.hard_pending_compaction_bytes_limit: 274877906944
2021/10/13-23:10:54.996041 7fc622e93400       Options.rate_limit_delay_max_milliseconds: 100
2021/10/13-23:10:54.996043 7fc622e93400                Options.disable_auto_compactions: 0
2021/10/13-23:10:54.996044 7fc622e93400                        Options.compaction_style: kCompactionStyleLevel
2021/10/13-23:10:54.996046 7fc622e93400                          Options.compaction_pri: kMinOverlappingRatio
2021/10/13-23:10:54.996047 7fc622e93400 Options.compaction_options_universal.size_ratio: 1
2021/10/13-23:10:54.996048 7fc622e93400 Options.compaction_options_universal.min_merge_width: 2
2021/10/13-23:10:54.996050 7fc622e93400 Options.compaction_options_universal.max_merge_width: 4294967295
2021/10/13-23:10:54.996051 7fc622e93400 Options.compaction_options_universal.max_size_amplification_percent: 200
2021/10/13-23:10:54.996052 7fc622e93400 Options.compaction_options_universal.compression_size_percent: -1
2021/10/13-23:10:54.996054 7fc622e93400 Options.compaction_options_universal.stop_style: kCompactionStopStyleTotalSize
2021/10/13-23:10:54.996055 7fc622e93400 Options.compaction_options_fifo.max_table_files_size: 1073741824
2021/10/13-23:10:54.996061 7fc622e93400 Options.compaction_options_fifo.allow_compaction: 0
2021/10/13-23:10:54.996068 7fc622e93400                   Options.table_properties_collectors: 
2021/10/13-23:10:54.996069 7fc622e93400                   Options.inplace_update_support: 0
2021/10/13-23:10:54.996070 7fc622e93400                 Options.inplace_update_num_locks: 10000
2021/10/13-23:10:54.996071 7fc622e93400               Options.memtable_prefix_bloom_size_ratio: 0.000000
2021/10/13-23:10:54.996073 7fc622e93400               Options.memtable_whole_key_filtering: 0
2021/10/13-23:10:54.996074 7fc622e93400   Options.memtable_huge_page_size: 0
2021/10/13-23:10:54.996075 7fc622e93400                           Options.bloom_locality: 0
2021/10/13-23:10:54.996077 7fc622e93400                    Options.max_successive_merges: 0
2021/10/13-23:10:54.996078 7fc622e93400                Options.optimize_filters_for_hits: 0
2021/10/13-23:10:54.996079 7fc622e93400                Options.paranoid_file_checks: 0
2021/10/13-23:10:54.996080 7fc622e93400                Options.force_consistency_checks: 1
2021/10/13-23:10:54.996081 7fc622e93400                Options.report_bg_io_stats: 1
2021/10/13-23:10:54.996083 7fc622e93400                               Options.ttl: 2592000
2021/10/13-23:10:54.996084 7fc622e93400          Options.periodic_compaction_seconds: 0
2021/10/13-23:10:54.996085 7fc622e93400                    Options.enable_blob_files: false
2021/10/13-23:10:54.996086 7fc622e93400                        Options.min_blob_size: 0
2021/10/13-23:10:54.996088 7fc622e93400                       Options.blob_file_size: 268435456
2021/10/13-23:10:54.996089 7fc622e93400                Options.blob_compression_type: NoCompression
2021/10/13-23:10:54.996090 7fc622e93400       Options.enable_blob_garbage_collection: false
2021/10/13-23:10:54.996092 7fc622e93400   Options.blob_garbage_collection_age_cutoff: 0.250000
2021/10/13-23:10:55.005446 7fc622e93400 [db/version_set.cc:4796] Recovered from manifest file:cumulus_relay/kylin-collator/polkadot/chains/rococo_local_testnet/db/MANIFEST-000003 succeeded,manifest_file_number is 3, next_file_number is 5, last_sequence is 0, log_number is 0,prev_log_number is 0,max_column_family is 0,min_log_number_to_keep is 0
2021/10/13-23:10:55.005458 7fc622e93400 [db/version_set.cc:4811] Column family [default] (ID 0), log number is 0
2021/10/13-23:10:55.005546 7fc622e93400 [db/version_set.cc:4110] Creating manifest 5
2021/10/13-23:10:55.011396 7fc622e93400 EVENT_LOG_v1 {"time_micros": 1634127055011390, "job": 1, "event": "recovery_started", "wal_files": [4]}
2021/10/13-23:10:55.011404 7fc622e93400 [db/db_impl/db_impl_open.cc:847] Recovering log #4 mode 2
2021/10/13-23:10:55.011443 7fc622e93400 [db/version_set.cc:4110] Creating manifest 6
2021/10/13-23:10:55.017393 7fc622e93400 EVENT_LOG_v1 {"time_micros": 1634127055017389, "job": 1, "event": "recovery_finished"}
2021/10/13-23:10:55.017586 7fc622e93400 [file/delete_scheduler.cc:71] Deleted file cumulus_relay/kylin-collator/polkadot/chains/rococo_local_testnet/db/000004.log immediately, rate_bytes_per_sec 0, total_trash_size 0 max_trash_db_ratio 0.250000
2021/10/13-23:10:55.017595 7fc622e93400 [db/db_impl/db_impl_files.cc:610] [JOB 2] Delete info log file cumulus_relay/kylin-collator/polkadot/chains/rococo_local_testnet/db//LOG.old.1634127054995496
2021/10/13-23:10:55.022202 7fc622e93400 [db/db_impl/db_impl_open.cc:1706] SstFileManager instance 0x5573dd8672c0
2021/10/13-23:10:55.022225 7fc622e93400 DB pointer 0x5573de3cfc00
2021/10/13-23:10:55.024019 7fc622e93400 [db/column_family.cc:595] --------------- Options for column family [col0]:
2021/10/13-23:10:55.024025 7fc622e93400               Options.comparator: leveldb.BytewiseComparator
2021/10/13-23:10:55.024027 7fc622e93400           Options.merge_operator: None
2021/10/13-23:10:55.024029 7fc622e93400        Options.compaction_filter: None
2021/10/13-23:10:55.024030 7fc622e93400        Options.compaction_filter_factory: None
2021/10/13-23:10:55.024031 7fc622e93400  Options.sst_partitioner_factory: None
2021/10/13-23:10:55.024032 7fc622e93400         Options.memtable_factory: SkipListFactory
2021/10/13-23:10:55.024033 7fc622e93400            Options.table_factory: BlockBasedTable
2021/10/13-23:10:55.024057 7fc622e93400            table_factory options:   flush_block_policy_factory: FlushBlockBySizePolicyFactory (0x5573dd864090)
  cache_index_and_filter_blocks: 1
  cache_index_and_filter_blocks_with_high_priority: 1
  pin_l0_filter_and_index_blocks_in_cache: 1
  pin_top_level_index_and_filter: 1
  index_type: 0
  data_block_index_type: 0
  index_shortening: 1
  data_block_hash_table_util_ratio: 0.750000
  hash_index_allow_collision: 1
  checksum: 1
  no_block_cache: 0
  block_cache: 0x5573dd6c3880
  block_cache_name: LRUCache
  block_cache_options:
    capacity : 44040192
    num_shard_bits : 6
    strict_capacity_limit : 0
    memory_allocator : None
    high_pri_pool_ratio: 0.500
  block_cache_compressed: (nil)
  persistent_cache: (nil)
  block_size: 16384
  block_size_deviation: 10
  block_restart_interval: 16
  index_block_restart_interval: 1
  metadata_block_size: 4096
  partition_filters: 0
  use_delta_encoding: 1
  filter_policy: rocksdb.BuiltinBloomFilter
  whole_key_filtering: 1
  verify_compression: 0
  read_amp_bytes_per_bit: 0
  format_version: 5
  enable_index_compression: 1
  block_align: 0
2021/10/13-23:10:55.024059 7fc622e93400        Options.write_buffer_size: 262144
2021/10/13-23:10:55.024060 7fc622e93400  Options.max_write_buffer_number: 6
2021/10/13-23:10:55.024062 7fc622e93400          Options.compression: Snappy
2021/10/13-23:10:55.024063 7fc622e93400                  Options.bottommost_compression: Disabled
2021/10/13-23:10:55.024064 7fc622e93400       Options.prefix_extractor: nullptr
2021/10/13-23:10:55.024065 7fc622e93400   Options.memtable_insert_with_hint_prefix_extractor: nullptr
2021/10/13-23:10:55.024066 7fc622e93400             Options.num_levels: 7
2021/10/13-23:10:55.024067 7fc622e93400        Options.min_write_buffer_number_to_merge: 2
2021/10/13-23:10:55.024069 7fc622e93400     Options.max_write_buffer_number_to_maintain: 0
2021/10/13-23:10:55.024070 7fc622e93400     Options.max_write_buffer_size_to_maintain: 0
2021/10/13-23:10:55.024071 7fc622e93400            Options.bottommost_compression_opts.window_bits: -14
2021/10/13-23:10:55.024072 7fc622e93400                  Options.bottommost_compression_opts.level: 32767
2021/10/13-23:10:55.024073 7fc622e93400               Options.bottommost_compression_opts.strategy: 0
2021/10/13-23:10:55.024074 7fc622e93400         Options.bottommost_compression_opts.max_dict_bytes: 0
2021/10/13-23:10:55.024075 7fc622e93400         Options.bottommost_compression_opts.zstd_max_train_bytes: 0
2021/10/13-23:10:55.024076 7fc622e93400         Options.bottommost_compression_opts.parallel_threads: 1
2021/10/13-23:10:55.024078 7fc622e93400                  Options.bottommost_compression_opts.enabled: false
2021/10/13-23:10:55.024079 7fc622e93400            Options.compression_opts.window_bits: -14
2021/10/13-23:10:55.024080 7fc622e93400                  Options.compression_opts.level: 32767
2021/10/13-23:10:55.024081 7fc622e93400               Options.compression_opts.strategy: 0
2021/10/13-23:10:55.024082 7fc622e93400         Options.compression_opts.max_dict_bytes: 0
2021/10/13-23:10:55.024083 7fc622e93400         Options.compression_opts.zstd_max_train_bytes: 0
2021/10/13-23:10:55.024084 7fc622e93400         Options.compression_opts.parallel_threads: 1
2021/10/13-23:10:55.024085 7fc622e93400                  Options.compression_opts.enabled: false
2021/10/13-23:10:55.024108 7fc622e93400      Options.level0_file_num_compaction_trigger: 2
2021/10/13-23:10:55.024109 7fc622e93400          Options.level0_slowdown_writes_trigger: 20
2021/10/13-23:10:55.024110 7fc622e93400              Options.level0_stop_writes_trigger: 36
2021/10/13-23:10:55.024111 7fc622e93400                   Options.target_file_size_base: 67108864
2021/10/13-23:10:55.024112 7fc622e93400             Options.target_file_size_multiplier: 1
2021/10/13-23:10:55.024113 7fc622e93400                Options.max_bytes_for_level_base: 1048576
2021/10/13-23:10:55.024115 7fc622e93400 Options.level_compaction_dynamic_level_bytes: 1
2021/10/13-23:10:55.024116 7fc622e93400          Options.max_bytes_for_level_multiplier: 10.000000
2021/10/13-23:10:55.024118 7fc622e93400 Options.max_bytes_for_level_multiplier_addtl[0]: 1
2021/10/13-23:10:55.024120 7fc622e93400 Options.max_bytes_for_level_multiplier_addtl[1]: 1
2021/10/13-23:10:55.024121 7fc622e93400 Options.max_bytes_for_level_multiplier_addtl[2]: 1
2021/10/13-23:10:55.024122 7fc622e93400 Options.max_bytes_for_level_multiplier_addtl[3]: 1
2021/10/13-23:10:55.024123 7fc622e93400 Options.max_bytes_for_level_multiplier_addtl[4]: 1
2021/10/13-23:10:55.024124 7fc622e93400 Options.max_bytes_for_level_multiplier_addtl[5]: 1
2021/10/13-23:10:55.024125 7fc622e93400 Options.max_bytes_for_level_multiplier_addtl[6]: 1
2021/10/13-23:10:55.024126 7fc622e93400       Options.max_sequential_skip_in_iterations: 8
2021/10/13-23:10:55.024128 7fc622e93400                    Options.max_compaction_bytes: 1677721600
2021/10/13-23:10:55.024129 7fc622e93400                        Options.arena_block_size: 32768
2021/10/13-23:10:55.024130 7fc622e93400   Options.soft_pending_compaction_bytes_limit: 68719476736
2021/10/13-23:10:55.024131 7fc622e93400   Options.hard_pending_compaction_bytes_limit: 274877906944
2021/10/13-23:10:55.024132 7fc622e93400       Options.rate_limit_delay_max_milliseconds: 100
2021/10/13-23:10:55.024134 7fc622e93400                Options.disable_auto_compactions: 0
2021/10/13-23:10:55.024135 7fc622e93400                        Options.compaction_style: kCompactionStyleLevel
2021/10/13-23:10:55.024137 7fc622e93400                          Options.compaction_pri: kMinOverlappingRatio
2021/10/13-23:10:55.024139 7fc622e93400 Options.compaction_options_universal.size_ratio: 1
2021/10/13-23:10:55.024140 7fc622e93400 Options.compaction_options_universal.min_merge_width: 2
2021/10/13-23:10:55.024141 7fc622e93400 Options.compaction_options_universal.max_merge_width: 4294967295
2021/10/13-23:10:55.024142 7fc622e93400 Options.compaction_options_universal.max_size_amplification_percent: 200
2021/10/13-23:10:55.024143 7fc622e93400 Options.compaction_options_universal.compression_size_percent: -1
2021/10/13-23:10:55.024145 7fc622e93400 Options.compaction_options_universal.stop_style: kCompactionStopStyleTotalSize
2021/10/13-23:10:55.024146 7fc622e93400 Options.compaction_options_fifo.max_table_files_size: 1073741824
2021/10/13-23:10:55.024147 7fc622e93400 Options.compaction_options_fifo.allow_compaction: 0
2021/10/13-23:10:55.024153 7fc622e93400                   Options.table_properties_collectors: 
2021/10/13-23:10:55.024155 7fc622e93400                   Options.inplace_update_support: 0
2021/10/13-23:10:55.024156 7fc622e93400                 Options.inplace_update_num_locks: 10000
2021/10/13-23:10:55.024157 7fc622e93400               Options.memtable_prefix_bloom_size_ratio: 0.000000
2021/10/13-23:10:55.024159 7fc622e93400               Options.memtable_whole_key_filtering: 0
2021/10/13-23:10:55.024160 7fc622e93400   Options.memtable_huge_page_size: 0
2021/10/13-23:10:55.024161 7fc622e93400                           Options.bloom_locality: 0
2021/10/13-23:10:55.024162 7fc622e93400                    Options.max_successive_merges: 0
2021/10/13-23:10:55.024164 7fc622e93400                Options.optimize_filters_for_hits: 0
2021/10/13-23:10:55.024165 7fc622e93400                Options.paranoid_file_checks: 0
2021/10/13-23:10:55.024166 7fc622e93400                Options.force_consistency_checks: 1
2021/10/13-23:10:55.024172 7fc622e93400                Options.report_bg_io_stats: 0
2021/10/13-23:10:55.024174 7fc622e93400                               Options.ttl: 2592000
2021/10/13-23:10:55.024175 7fc622e93400          Options.periodic_compaction_seconds: 0
2021/10/13-23:10:55.024176 7fc622e93400                    Options.enable_blob_files: false
2021/10/13-23:10:55.024177 7fc622e93400                        Options.min_blob_size: 0
2021/10/13-23:10:55.024179 7fc622e93400                       Options.blob_file_size: 268435456
2021/10/13-23:10:55.024180 7fc622e93400                Options.blob_compression_type: NoCompression
2021/10/13-23:10:55.024181 7fc622e93400       Options.enable_blob_garbage_collection: false
2021/10/13-23:10:55.024182 7fc622e93400   Options.blob_garbage_collection_age_cutoff: 0.250000
2021/10/13-23:10:55.024242 7fc622e93400 [db/db_impl/db_impl.cc:2656] Created column family [col0] (ID 1)
2021/10/13-23:10:55.029163 7fc622e93400 [db/column_family.cc:595] --------------- Options for column family [col1]:
2021/10/13-23:10:55.029172 7fc622e93400               Options.comparator: leveldb.BytewiseComparator
2021/10/13-23:10:55.029173 7fc622e93400           Options.merge_operator: None
2021/10/13-23:10:55.029175 7fc622e93400        Options.compaction_filter: None
2021/10/13-23:10:55.029176 7fc622e93400        Options.compaction_filter_factory: None
2021/10/13-23:10:55.029177 7fc622e93400  Options.sst_partitioner_factory: None
2021/10/13-23:10:55.029178 7fc622e93400         Options.memtable_factory: SkipListFactory
2021/10/13-23:10:55.029179 7fc622e93400            Options.table_factory: BlockBasedTable
2021/10/13-23:10:55.029205 7fc622e93400            table_factory options:   flush_block_policy_factory: FlushBlockBySizePolicyFactory (0x5573de06c1f0)
  cache_index_and_filter_blocks: 1
  cache_index_and_filter_blocks_with_high_priority: 1
  pin_l0_filter_and_index_blocks_in_cache: 1
  pin_top_level_index_and_filter: 1
  index_type: 0
  data_block_index_type: 0
  index_shortening: 1
  data_block_hash_table_util_ratio: 0.750000
  hash_index_allow_collision: 1
  checksum: 1
  no_block_cache: 0
  block_cache: 0x5573dd6c3880
  block_cache_name: LRUCache
  block_cache_options:
    capacity : 44040192
    num_shard_bits : 6
    strict_capacity_limit : 0
    memory_allocator : None
    high_pri_pool_ratio: 0.500
  block_cache_compressed: (nil)
  persistent_cache: (nil)
  block_size: 16384
  block_size_deviation: 10
  block_restart_interval: 16
  index_block_restart_interval: 1
  metadata_block_size: 4096
  partition_filters: 0
  use_delta_encoding: 1
  filter_policy: rocksdb.BuiltinBloomFilter
  whole_key_filtering: 1
  verify_compression: 0
  read_amp_bytes_per_bit: 0
  format_version: 5
  enable_index_compression: 1
  block_align: 0
2021/10/13-23:10:55.029207 7fc622e93400        Options.write_buffer_size: 30146560
2021/10/13-23:10:55.029208 7fc622e93400  Options.max_write_buffer_number: 6
2021/10/13-23:10:55.029209 7fc622e93400          Options.compression: Snappy
2021/10/13-23:10:55.029210 7fc622e93400                  Options.bottommost_compression: Disabled
2021/10/13-23:10:55.029212 7fc622e93400       Options.prefix_extractor: nullptr
2021/10/13-23:10:55.029213 7fc622e93400   Options.memtable_insert_with_hint_prefix_extractor: nullptr
2021/10/13-23:10:55.029214 7fc622e93400             Options.num_levels: 7
2021/10/13-23:10:55.029215 7fc622e93400        Options.min_write_buffer_number_to_merge: 2
2021/10/13-23:10:55.029216 7fc622e93400     Options.max_write_buffer_number_to_maintain: 0
2021/10/13-23:10:55.029218 7fc622e93400     Options.max_write_buffer_size_to_maintain: 0
2021/10/13-23:10:55.029219 7fc622e93400            Options.bottommost_compression_opts.window_bits: -14
2021/10/13-23:10:55.029220 7fc622e93400                  Options.bottommost_compression_opts.level: 32767
2021/10/13-23:10:55.029221 7fc622e93400               Options.bottommost_compression_opts.strategy: 0
2021/10/13-23:10:55.029223 7fc622e93400         Options.bottommost_compression_opts.max_dict_bytes: 0
2021/10/13-23:10:55.029224 7fc622e93400         Options.bottommost_compression_opts.zstd_max_train_bytes: 0
2021/10/13-23:10:55.029225 7fc622e93400         Options.bottommost_compression_opts.parallel_threads: 1
2021/10/13-23:10:55.029226 7fc622e93400                  Options.bottommost_compression_opts.enabled: false
2021/10/13-23:10:55.029227 7fc622e93400            Options.compression_opts.window_bits: -14
2021/10/13-23:10:55.029228 7fc622e93400                  Options.compression_opts.level: 32767
2021/10/13-23:10:55.029229 7fc622e93400               Options.compression_opts.strategy: 0
2021/10/13-23:10:55.029231 7fc622e93400         Options.compression_opts.max_dict_bytes: 0
2021/10/13-23:10:55.029232 7fc622e93400         Options.compression_opts.zstd_max_train_bytes: 0
2021/10/13-23:10:55.029233 7fc622e93400         Options.compression_opts.parallel_threads: 1
2021/10/13-23:10:55.029234 7fc622e93400                  Options.compression_opts.enabled: false
2021/10/13-23:10:55.029241 7fc622e93400      Options.level0_file_num_compaction_trigger: 2
2021/10/13-23:10:55.029242 7fc622e93400          Options.level0_slowdown_writes_trigger: 20
2021/10/13-23:10:55.029244 7fc622e93400              Options.level0_stop_writes_trigger: 36
2021/10/13-23:10:55.029245 7fc622e93400                   Options.target_file_size_base: 67108864
2021/10/13-23:10:55.029246 7fc622e93400             Options.target_file_size_multiplier: 1
2021/10/13-23:10:55.029247 7fc622e93400                Options.max_bytes_for_level_base: 120586240
2021/10/13-23:10:55.029248 7fc622e93400 Options.level_compaction_dynamic_level_bytes: 1
2021/10/13-23:10:55.029249 7fc622e93400          Options.max_bytes_for_level_multiplier: 10.000000
2021/10/13-23:10:55.029252 7fc622e93400 Options.max_bytes_for_level_multiplier_addtl[0]: 1
2021/10/13-23:10:55.029254 7fc622e93400 Options.max_bytes_for_level_multiplier_addtl[1]: 1
2021/10/13-23:10:55.029255 7fc622e93400 Options.max_bytes_for_level_multiplier_addtl[2]: 1
2021/10/13-23:10:55.029256 7fc622e93400 Options.max_bytes_for_level_multiplier_addtl[3]: 1
2021/10/13-23:10:55.029257 7fc622e93400 Options.max_bytes_for_level_multiplier_addtl[4]: 1
2021/10/13-23:10:55.029258 7fc622e93400 Options.max_bytes_for_level_multiplier_addtl[5]: 1
2021/10/13-23:10:55.029259 7fc622e93400 Options.max_bytes_for_level_multiplier_addtl[6]: 1
2021/10/13-23:10:55.029260 7fc622e93400       Options.max_sequential_skip_in_iterations: 8
2021/10/13-23:10:55.029261 7fc622e93400                    Options.max_compaction_bytes: 1677721600
2021/10/13-23:10:55.029263 7fc622e93400                        Options.arena_block_size: 3768320
2021/10/13-23:10:55.029264 7fc622e93400   Options.soft_pending_compaction_bytes_limit: 68719476736
2021/10/13-23:10:55.029265 7fc622e93400   Options.hard_pending_compaction_bytes_limit: 274877906944
2021/10/13-23:10:55.029266 7fc622e93400       Options.rate_limit_delay_max_milliseconds: 100
2021/10/13-23:10:55.029267 7fc622e93400                Options.disable_auto_compactions: 0
2021/10/13-23:10:55.029269 7fc622e93400                        Options.compaction_style: kCompactionStyleLevel
2021/10/13-23:10:55.029271 7fc622e93400                          Options.compaction_pri: kMinOverlappingRatio
2021/10/13-23:10:55.029272 7fc622e93400 Options.compaction_options_universal.size_ratio: 1
2021/10/13-23:10:55.029273 7fc622e93400 Options.compaction_options_universal.min_merge_width: 2
2021/10/13-23:10:55.029274 7fc622e93400 Options.compaction_options_universal.max_merge_width: 4294967295
2021/10/13-23:10:55.029275 7fc622e93400 Options.compaction_options_universal.max_size_amplification_percent: 200
2021/10/13-23:10:55.029277 7fc622e93400 Options.compaction_options_universal.compression_size_percent: -1
2021/10/13-23:10:55.029278 7fc622e93400 Options.compaction_options_universal.stop_style: kCompactionStopStyleTotalSize
2021/10/13-23:10:55.029279 7fc622e93400 Options.compaction_options_fifo.max_table_files_size: 1073741824
2021/10/13-23:10:55.029281 7fc622e93400 Options.compaction_options_fifo.allow_compaction: 0
2021/10/13-23:10:55.029287 7fc622e93400                   Options.table_properties_collectors: 
2021/10/13-23:10:55.029288 7fc622e93400                   Options.inplace_update_support: 0
2021/10/13-23:10:55.029289 7fc622e93400                 Options.inplace_update_num_locks: 10000
2021/10/13-23:10:55.029290 7fc622e93400               Options.memtable_prefix_bloom_size_ratio: 0.000000
2021/10/13-23:10:55.029292 7fc622e93400               Options.memtable_whole_key_filtering: 0
2021/10/13-23:10:55.029293 7fc622e93400   Options.memtable_huge_page_size: 0
2021/10/13-23:10:55.029294 7fc622e93400                           Options.bloom_locality: 0
2021/10/13-23:10:55.029295 7fc622e93400                    Options.max_successive_merges: 0
2021/10/13-23:10:55.029297 7fc622e93400                Options.optimize_filters_for_hits: 0
2021/10/13-23:10:55.029298 7fc622e93400                Options.paranoid_file_checks: 0
2021/10/13-23:10:55.029299 7fc622e93400                Options.force_consistency_checks: 1
2021/10/13-23:10:55.029332 7fc622e93400                Options.report_bg_io_stats: 0
2021/10/13-23:10:55.029333 7fc622e93400                               Options.ttl: 2592000
2021/10/13-23:10:55.029334 7fc622e93400          Options.periodic_compaction_seconds: 0
2021/10/13-23:10:55.029335 7fc622e93400                    Options.enable_blob_files: false
2021/10/13-23:10:55.029336 7fc622e93400                        Options.min_blob_size: 0
2021/10/13-23:10:55.029338 7fc622e93400                       Options.blob_file_size: 268435456
2021/10/13-23:10:55.029339 7fc622e93400                Options.blob_compression_type: NoCompression
2021/10/13-23:10:55.029340 7fc622e93400       Options.enable_blob_garbage_collection: false
2021/10/13-23:10:55.029341 7fc622e93400   Options.blob_garbage_collection_age_cutoff: 0.250000
2021/10/13-23:10:55.029375 7fc622e93400 [db/db_impl/db_impl.cc:2656] Created column family [col1] (ID 2)
2021/10/13-23:10:55.034896 7fc622e93400 [db/column_family.cc:595] --------------- Options for column family [col2]:
2021/10/13-23:10:55.034904 7fc622e93400               Options.comparator: leveldb.BytewiseComparator
2021/10/13-23:10:55.034905 7fc622e93400           Options.merge_operator: None
2021/10/13-23:10:55.034907 7fc622e93400        Options.compaction_filter: None
2021/10/13-23:10:55.034908 7fc622e93400        Options.compaction_filter_factory: None
2021/10/13-23:10:55.034909 7fc622e93400  Options.sst_partitioner_factory: None
2021/10/13-23:10:55.034910 7fc622e93400         Options.memtable_factory: SkipListFactory
2021/10/13-23:10:55.034911 7fc622e93400            Options.table_factory: BlockBasedTable
2021/10/13-23:10:55.034937 7fc622e93400            table_factory options:   flush_block_policy_factory: FlushBlockBySizePolicyFactory (0x5573ddd8c220)
  cache_index_and_filter_blocks: 1
  cache_index_and_filter_blocks_with_high_priority: 1
  pin_l0_filter_and_index_blocks_in_cache: 1
  pin_top_level_index_and_filter: 1
  index_type: 0
  data_block_index_type: 0
  index_shortening: 1
  data_block_hash_table_util_ratio: 0.750000
  hash_index_allow_collision: 1
  checksum: 1
  no_block_cache: 0
  block_cache: 0x5573dd6c3880
  block_cache_name: LRUCache
  block_cache_options:
    capacity : 44040192
    num_shard_bits : 6
    strict_capacity_limit : 0
    memory_allocator : None
    high_pri_pool_ratio: 0.500
  block_cache_compressed: (nil)
  persistent_cache: (nil)
  block_size: 16384
  block_size_deviation: 10
